List of unsolved sudoku puzzles in MATLAB array form and fastest solve times

Easy:

array1 = [5 0 3 8 1 9 0 2 0; 8 1 0 4 0 0 3 9 5; 0 4 2 0 0 0 7 8 1; 6 0 8 3 0 1 0 7 0; 0 0 0 0 0 0 0 0 8; 1 0 9 5 7 0 0 4 6; 2 0 0 0 8 0 9 5 3; 0 0 5 0 9 6 0 0 0; 4 0 0 7 0 5 8 6 2]
(0.050036 seconds)



Medium:

array26 = [0 0 0 8 0 2 0 1 0; 5 0 2 0 0 0 6 0 0; 1 8 0 5 0 3 0 0 7; 0 0 0 0 0 0 0 6 1; 0 1 0 0 3 8 0 0 0; 0 3 6 9 0 0 0 0 0; 4 0 0 0 8 0 5 0 0; 0 0 0 0 2 1 7 4 9; 3 0 0 0 0 0 0 0 6]
(0.141561 seconds)

array27 = [0 0 0 0 0 0 0 0 6; 3 5 0 4 0 9 0 0 0; 0 2 1 0 0 3 0 5 0; 4 0 0 0 9 0 0 0 0; 2 0 0 0 5 0 1 0 0; 0 0 3 1 0 2 0 7 0; 0 0 4 0 0 8 0 3 0; 1 3 9 0 0 0 0 6 4; 0 6 0 0 0 0 0 0 0]
(0.1277 seconds)



Demanding:

array51 = [0 0 0 8 0 5 2 0 0; 8 0 0 0 0 0 4 0 1; 7 0 5 0 4 0 0 0 9; 0 0 0 1 0 0 7 0 2; 0 4 0 0 0 0 0 0 0; 0 0 6 4 3 0 0 0 0; 0 3 0 9 0 6 0 0 0; 0 1 0 0 0 0 0 0 0; 0 0 0 0 0 0 0 8 0]
(0.227102 seconds)



Difficult:

array94=[0 0 4 0 0 0 0 9 8; 0 5 0 0 7 4 0 0 0; 0 3 0 9 8 0 0 5 0; 7 0 2 0 0 5 0 1 0; 5 0 0 7 9 3 0 0 0; 0 0 0 0 0 0 0 0 0; 0 0 0 0 0 0 8 0 4; 0 0 0 1 0 0 0 0 0; 0 0 0 0 0 2 0 3 0]
(0.514810 seconds)

array95 = [0 0 0 7 0 0 0 0 0; 1 0 4 5 0 9 0 0 0; 0 7 9 0 0 1 8 0 0; 0 0 7 0 0 0 0 5 0; 0 0 0 3 0 4 0 6 0; 0 0 0 0 2 0 0 0 9; 0 0 0 0 0 7 0 0 0; 0 0 2 4 0 0 1 0 0; 4 0 3 9 5 0 0 0 0]
(aprox 800 seconds first time)
(164.361204 seconds)
(9.604158 seconds [11/1/15])
(3.012521 seconds [11/1/15])
(currently sub 3 seconds typically)



Giant:

array96 = [12 0 0 6 0 0 2 0 0 0 5 0; 0 0 11 0 0 0 0 10 12 0 0 0; 0 10 8 7 0 0 4 0 9 0 0 3; 0 0 10 0 0 0 0 4 0 0 0 0; 6 0 0 3 0 0 0 0 0 0 0 0; 0 0 0 9 6 0 0 5 4 8 0 0; 0 11 0 0 0 9 7 1 10 0 0 0; 0 0 0 0 0 0 8 0 0 1 0 0; 10 2 1 0 0 0 0 11 0 0 4 0; 5 0 0 0 0 0 10 6 0 0 3 0; 1 0 0 0 0 0 0 9 11 2 12 0; 8 3 0 12 0 0 0 7 0 4 0 10]
(0.988850 seconds [11/1/15])

array97 = [0 0 0 0 12 0 0 0 0 0 0 0; 11 1 0 3 5 0 0 0 9 0 0 12; 0 12 0 2 0 6 4 0 10 0 0 5; 1 0 0 0 4 0 0 3 0 0 0 7; 0 2 3 0 8 0 9 0 0 12 11 0; 0 0 0 8 0 0 7 0 5 0 0 0; 0 0 0 0 0 0 0 0 0 0 0 4; 0 0 0 7 0 0 0 10 2 0 0 0; 0 4 6 0 0 0 11 12 7 5 1 9; 6 5 7 0 0 10 0 0 0 0 3 0; 0 0 0 0 0 0 0 9 8 0 0 0; 0 0 0 0 6 0 0 11 0 4 0 0]
(0.840121 seconds [11/1/15])
